label,chain_id,residue_id,residue_name,residue_full_name,distance_to_ligand,secondary_structure,physicochemical_type,charge,polarity,size,aromatic,sulfur,hydroxyl,amide,acidic,basic,binding_potential,distance_class,shell
SER103R (Serine),R,103,SER,Serine,2.91,Coil,polar,neutral,polar,small,False,False,True,False,False,False,high_hbond,direct_contact,first
TYR80R (Tyrosine),R,80,TYR,Tyrosine,2.98,Coil,polar,neutral,polar,large,True,False,True,False,False,False,high_aromatic,direct_contact,first
THR168R (Threonine),R,168,THR,Threonine,3.16,Coil,polar,neutral,polar,medium,False,False,True,False,False,False,high_hbond,direct_contact,first
THR76R (Threonine),R,76,THR,Threonine,3.22,Coil,polar,neutral,polar,medium,False,False,True,False,False,False,high_hbond,direct_contact,first
TRP169R (Tryptophan),R,169,TRP,Tryptophan,3.26,Coil,hydrophobic,neutral,nonpolar,large,True,False,False,False,False,False,high_aromatic,direct_contact,first
SER319R (Serine),R,319,SER,Serine,3.28,Coil,polar,neutral,polar,small,False,False,True,False,False,False,high_hbond,direct_contact,first
ARG316R (Arginine),R,316,ARG,Arginine,3.28,Coil,basic,positive,polar,large,False,False,False,False,False,True,high_ionic,direct_contact,first
THR69R (Threonine),R,69,THR,Threonine,3.29,Coil,polar,neutral,polar,medium,False,False,True,False,False,False,high_hbond,direct_contact,first
ALA318R (Alanine),R,318,ALA,Alanine,3.37,Coil,hydrophobic,neutral,nonpolar,small,False,False,False,False,False,False,high_van_der_waals,direct_contact,first
PRO322R (Proline),R,322,PRO,Proline,3.41,Coil,hydrophobic,neutral,nonpolar,medium,False,False,False,False,False,False,high_van_der_waals,direct_contact,first
LEU312R (Leucine),R,312,LEU,Leucine,3.47,Coil,hydrophobic,neutral,nonpolar,large,False,False,False,False,False,False,high_van_der_waals,direct_contact,first
SER73R (Serine),R,73,SER,Serine,3.58,Coil,polar,neutral,polar,small,False,False,True,False,False,False,high_hbond,direct_contact,first
LEU99R (Leucine),R,99,LEU,Leucine,3.67,Coil,hydrophobic,neutral,nonpolar,large,False,False,False,False,False,False,high_van_der_waals,direct_contact,first
VAL72R (Valine),R,72,VAL,Valine,3.7,Coil,hydrophobic,neutral,nonpolar,medium,False,False,False,False,False,False,high_van_der_waals,direct_contact,first
PHE102R (Phenylalanine),R,102,PHE,Phenylalanine,3.78,Coil,hydrophobic,neutral,nonpolar,large,True,False,False,False,False,False,high_aromatic,direct_contact,first
ILE315R (Isoleucine),R,315,ILE,Isoleucine,3.9,Coil,hydrophobic,neutral,nonpolar,large,False,False,False,False,False,False,high_van_der_waals,direct_contact,first
LEU288R (Leucine),R,288,LEU,Leucine,4.02,Coil,hydrophobic,neutral,nonpolar,large,False,False,False,False,False,False,low_interaction,secondary_shell,second
GLY68R (Glycine),R,68,GLY,Glycine,4.18,Coil,hydrophobic,neutral,nonpolar,small,False,False,False,False,False,False,low_interaction,secondary_shell,second
MET27R (Methionine),R,27,MET,Methionine,4.23,Coil,hydrophobic,neutral,nonpolar,large,False,True,False,False,False,False,low_interaction,secondary_shell,second
PHE171R (Phenylalanine),R,171,PHE,Phenylalanine,4.26,Coil,hydrophobic,neutral,nonpolar,large,True,False,False,False,False,False,medium_interaction,secondary_shell,second
PRO24R (Proline),R,24,PRO,Proline,4.29,Coil,hydrophobic,neutral,nonpolar,medium,False,False,False,False,False,False,low_interaction,secondary_shell,second
ASP65R (Aspartic acid),R,65,ASP,Aspartic acid,4.55,Coil,acidic,negative,polar,medium,False,False,False,False,True,False,medium_interaction,secondary_shell,second
PHE28R (Phenylalanine),R,28,PHE,Phenylalanine,4.71,Coil,hydrophobic,neutral,nonpolar,large,True,False,False,False,False,False,medium_interaction,secondary_shell,second
LEU100R (Leucine),R,100,LEU,Leucine,4.96,Coil,hydrophobic,neutral,nonpolar,large,False,False,False,False,False,False,low_interaction,secondary_shell,second
PRO166R (Proline),R,166,PRO,Proline,4.96,Coil,hydrophobic,neutral,nonpolar,medium,False,False,False,False,False,False,low_interaction,secondary_shell,second
ASN321R (Asparagine),R,321,ASN,Asparagine,5.23,Coil,polar,neutral,polar,medium,False,False,False,True,False,False,low_interaction,secondary_shell,second
TYR188R (Tyrosine),R,188,TYR,Tyrosine,5.3,Coil,polar,neutral,polar,large,True,False,True,False,False,False,medium_interaction,secondary_shell,second
VAL320R (Valine),R,320,VAL,Valine,5.84,Coil,hydrophobic,neutral,nonpolar,medium,False,False,False,False,False,False,low_interaction,secondary_shell,second
ALA314R (Alanine),R,314,ALA,Alanine,5.88,Coil,hydrophobic,neutral,nonpolar,small,False,False,False,False,False,False,low_interaction,secondary_shell,second
ILE98R (Isoleucine),R,98,ILE,Isoleucine,5.91,Coil,hydrophobic,neutral,nonpolar,large,False,False,False,False,False,False,low_interaction,secondary_shell,second
